        Tx = 	   +610843.458750 	        +1.228423
        Ty = 	   +267948.101668 	        +1.231723
        Tz = 	      +297.774256 	        +1.237724
        q0 = 	        -0.693018 	        +0.016298
        q1 = 	        -0.568860 	        +0.016441
        q2 = 	        -0.286175 	        +0.036683
        q3 = 	        -0.337976 	        +0.036912
        Mx = 	        +9.645074 	        +0.105322
        My = 	        +9.645074 	        +0.105322
        Mz = 	        +9.645074 	        +0.105322
        Rx = 	        +5.019952 	        +0.018229
        Ry = 	        +5.386646 	        +0.015768
        Rz = 	        +6.052313 	        +0.116831
